Number of points: 164
907.276245 8.190955 128.884430
1098.372192 7.431887 285.627411
643.169739 12.372500 133.600418
701.433960 12.515606 1363.100830
198.386337 14.062855 1181.986450
818.956238 15.166298 173.207825
94.647003 25.598974 307.848877
807.071838 26.022461 278.638977
719.721802 43.349930 1078.403687
77.939301 45.279633 250.646072
711.429810 51.399124 414.357056
721.531982 51.367882 527.670776
700.479187 66.501274 2274.247070
727.206299 67.055397 1368.924561
104.275497 90.544762 123.214943
1051.584595 104.769257 57573.054688
108.080170 106.744186 1451.423950
83.237289 110.852318 881.835327
259.130096 113.353706 150037.500000
1015.658081 113.986870 41239.847656
109.146141 118.202423 374.104980
311.331512 122.032478 103582.171875
966.372009 127.789162 81151.523438
377.399384 134.071732 150341.765625
920.655884 140.006531 43559.597656
442.126648 145.687973 129521.117188
859.400513 157.252213 89897.085938
522.186707 160.589523 130203.656250
797.859924 173.895584 76761.187500
605.898865 176.037582 81807.578125
1043.297729 189.866989 25559.544922
267.658539 202.191132 82255.382812
1007.891174 203.074570 61250.218750
318.799957 214.886032 160620.468750
959.236511 222.670212 34971.574219
383.576691 232.080475 65916.859375
913.866333 240.035095 91729.179688
446.826508 248.204697 138471.187500
854.305237 263.599518 41939.062500
525.700195 269.323486 71685.445312
1033.794922 278.673798 53649.816406
793.917175 286.945862 96732.781250
606.488403 290.222656 85796.898438
277.299530 293.538940 120972.101562
998.377380 295.806580 18649.849609
327.374481 309.587738 69228.812500
950.402344 319.944275 67249.804688
138.348450 329.228851 58.489037
390.649933 330.786377 127545.757812
905.653992 341.413177 33060.222656
141.881073 350.033722 166.586075
452.844147 351.168365 56733.812500
1025.726685 355.884338 8678.964844
144.843155 367.733429 479.141663
847.534607 370.211975 74135.773438
285.447998 374.069458 62873.734375
990.768433 376.365387 52922.324219
529.664368 377.195770 98944.960938
334.923218 393.637238 120051.460938
789.225403 398.454803 38592.960938
607.724121 402.565063 46013.781250
943.239075 405.313782 15419.205078
397.204498 418.871490 59596.828125
899.235352 430.740997 61229.488281
1015.317200 438.354797 33717.675781
458.003387 442.885956 124126.609375
295.110077 457.338196 91494.257812
981.054626 460.933777 12278.489258
842.215332 464.957611 27457.310547
158.318497 468.415710 33829.015625
533.149414 473.521179 50983.015625
343.569733 479.361450 24176.539062
934.296753 493.191528 52750.304688
785.052490 498.064514 73938.367188
16.938517 502.136932 537.024292
609.093201 503.051849 95209.687500
1006.807434 507.490723 1679.741577
405.199585 508.617279 92947.828125
26.898140 513.829163 379.537018
10.152017 515.728210 507.006317
1084.579224 519.862000 3378.861816
891.103638 521.614929 11756.611328
50.376080 523.233398 299.078705
20.926031 527.972290 1148.251221
303.548279 529.693298 20528.621094
1090.090088 530.733337 556.803101
973.410583 532.946167 37553.085938
463.766907 534.749268 36133.000000
1120.907349 535.158630 418.396576
65.528015 553.950989 324.457367
351.052734 554.122864 86419.718750
32.916004 558.768188 372.693237
834.911072 559.780945 53372.875000
1206.356079 560.701111 5084.458008
537.130066 568.978577 89175.867188
926.973999 568.781494 6740.814941
11.643543 573.111938 226.417480
1075.104980 579.885681 7785.234375
80.423576 582.993042 146.556076
997.305786 582.619812 26508.650391
411.126160 586.005615 30893.343750
12.116353 593.050964 172.055237
779.607605 596.273438 12850.765625
1200.252319 598.070068 6271.463379
884.932373 599.468750 37811.675781
610.371704 601.611389 48128.535156
66.729286 603.939514 130.388214
313.533295 605.430603 61420.718750
964.190674 610.169373 1451.564209
469.156097 615.416443 74784.078125
12.017198 617.781738 132.068436
26.693953 617.803711 733.026306
359.923004 631.667908 10759.408203
829.865356 641.313477 11232.141602
35.054558 642.455200 461.668854
24.870680 642.715515 185.268906
13.874489 644.074402 154.164551
918.092896 647.786011 39286.003906
57.614044 650.969360 162.503204
102.856400 650.693176 142.225220
540.205261 652.235474 25741.527344
26.270367 653.994324 596.875977
6.230883 655.676880 262.435944
58.012451 662.081543 310.576141
47.188789 662.522461 203.825241
93.283005 663.290283 283.744110
34.676983 664.321838 300.720367
14.706837 665.620178 447.252655
418.644897 665.525635 63632.140625
321.344421 669.211853 16557.580078
956.582214 672.374023 22820.628906
26.261824 674.658813 712.150757
775.402100 681.322937 44283.023438
876.683044 680.960815 6798.952148
610.652771 687.498779 68633.195312
91.534142 694.162048 648.929504
65.337898 695.718079 670.374939
76.978668 697.468567 492.877045
367.040955 697.023132 58331.253906
475.112640 696.943176 25334.894531
40.372154 699.228027 808.651489
56.270565 698.820801 733.455200
10.201834 702.125916 1196.676514
20.789722 704.908630 1805.046021
910.918396 713.647217 2757.936035
210.160004 715.888000 1540.367310
822.594360 725.057617 46099.078125
18.791180 726.959717 727.768066
425.155579 733.547729 16820.134766
58.221775 735.501953 617.359863
81.823166 734.576172 353.863861
543.961365 735.517883 60449.273438
13.642634 739.968384 892.483765
41.883358 741.443054 516.307800
870.425049 748.675110 33608.398438
154.260056 760.926208 5944.920898
479.645233 765.857483 52954.457031
770.017944 766.056824 17429.855469
65.267487 768.411255 157.005264
612.202759 773.052063 25189.517578
818.099121 794.203979 8853.556641
546.473267 806.289246 17673.144531
766.685669 837.784119 49056.347656
613.032593 845.619995 51955.828125
